{"34": [[0.4091597033854834, 0.05054670504911189, 0.028234948472789654, 0.07396876631626018, 0.34462934843716997, 0.08553558991283192, 0.0070489179395491625, 0.0006535390244507971, 0.00022248146235314458], [0.1117676918437073, 0.08173874015109568, 0.08955021890623818, 0.12446221495715426, 0.25822591411793605, 0.24236417361759294, 0.08492274471531872, 0.006539791222506426, 0.0004285104684504063], [0.986654070325395, 5.999814682692874e-05, 0.002683837593113762, 0.004200279409827885, 0.004884467413605306, 0.0013269871172768414, 0.000168622585914743, 1.7224894755176458e-05, 4.51251328440486e-06], [0.8312646676088754, 0.03698521791568402, 0.025917958972211778, 0.025999071264807536, 0.0625944123714314, 0.01604775299777518, 0.001110199637431487, 5.708981760639038e-05, 2.3629414176757795e-05], [0.918766712453419, 0.0016886900804914831, 0.050526715819370155, 0.010968125097672641, 0.008934168332320205, 0.0054704650717508595, 0.0032042399615002095, 0.0003866152809465841, 5.426790252883352e-05], [0.3397833008343561, 0.2191173607511225, 0.04936871965153688, 0.3161315729534192, 0.05173076733474932, 0.02261964411717474, 0.0010284503380835013, 0.00013761958718687116, 8.256443237086748e-05]], "36": [[0.4743936416121358, 0.11595039362973893, 0.045577086747982026, 0.0740481318381316, 0.14024913690262622, 0.13654817952452317, 0.011917706872851718, 0.0011541083915487561, 0.00016161448046176358], [0.0838626235811905, 0.07238362696113829, 0.3455999457346585, 0.2856649844558529, 0.07701235960428446, 0.060610395665841546, 0.07000857940678532, 0.004391866678294648, 0.0004656179119538141], [0.9905949910078485, 8.911563944784942e-05, 0.001991625885441794, 0.002956805063125797, 0.0024321612158537107, 0.0014570894683038915, 0.00046044425660895296, 1.356805943772884e-05, 4.199403931788341e-06], [0.7299251953722203, 0.11919968594952818, 0.06752535865285297, 0.023817856004157065, 0.03745221435177542, 0.020442141113806593, 0.0013789189881589432, 0.00019429732975885557, 6.433223774171848e-05], [0.8579594608020922, 0.004109298689446026, 0.0654470291910942, 0.040216885885215214, 0.01595044151156636, 0.00982305979282549, 0.005101266170227587, 0.0013158132869225195, 7.674467061041599e-05], [0.2851674789795254, 0.17578539474070948, 0.18270628401145111, 0.2565983696282031, 0.06633846746384477, 0.029678637756793504, 0.0032586490002990184, 0.00029790653910812974, 0.00016881188006542168]], "37": [[0.16695718482933425, 0.4750509116792344, 0.04827840194479947, 0.06576979319211163, 0.1329602340721092, 0.10196861523286273, 0.007780069458184265, 0.0009464199009055049, 0.000288369690458505], [0.06519585378630638, 0.1737026209510157, 0.32479602686217435, 0.15732721633761473, 0.13813611922459185, 0.11034382910782072, 0.024484532710724326, 0.004882772895880125, 0.0011310281238718516], [0.9945216397990204, 6.680905330756925e-05, 0.002149239378939343, 0.0020202027830250203, 0.0009510676546143324, 0.0002537224721755668, 3.076365288236656e-05, 4.84233701813158e-06, 1.7128690171532519e-06], [0.7353190431577088, 0.170421540193716, 0.0374760758483822, 0.043935293876127, 0.009883826560773846, 0.0027005217000137913, 0.00021438332512844694, 3.08441329053515e-05, 1.8471205244551274e-05], [0.958512723648837, 0.0012394373168775096, 0.033444736745423656, 0.002390910497586233, 0.0026695900875766134, 0.001271226048922553, 0.00036121630887141134, 9.686711697021187e-05, 1.3292228934841671e-05], [0.5381368083519328, 0.22029268146065334, 0.030780834056794062, 0.15835372052035102, 0.04369868994255566, 0.008121784537014043, 0.000493817748679407, 6.367932642320273e-05, 5.7984055596537816e-05]], "38": [[0.43459004651264027, 0.16177314234584364, 0.06747669248743339, 0.06961482238766836, 0.11823198762243722, 0.12143957248536129, 0.02451611964310813, 0.002117046148017555, 0.00024057036749004874], [0.040928918151319695, 0.05484185293950741, 0.4484129156616852, 0.1969360434722215, 0.12793635566111397, 0.08727660182242399, 0.033768394268912386, 0.008993501581171145, 0.0009054164416448867], [0.992615205308152, 6.828098207007955e-05, 0.0008460915299759451, 0.0008850582973369546, 0.00314941784001485, 0.0018464554715904961, 0.0005201991618935751, 6.690726494701337e-05, 2.3841440191120983e-06], [0.8589566411870608, 0.032058926698057225, 0.04063330857718261, 0.02351621116496806, 0.03322464450834817, 0.008960534405003188, 0.00199213742842205, 0.0005469724363288071, 0.00011062359462913013], [0.8084083658054299, 0.008968965124305612, 0.08204145368777044, 0.0369008489370561, 0.02220865278708738, 0.03379201150557822, 0.006874757086123398, 0.0006830764403025693, 0.00012186862634637248], [0.23730155757096685, 0.2628379239491795, 0.06496823906006136, 0.26848265891603235, 0.1116260311148428, 0.048101520261100934, 0.005450871140763821, 0.0010048257891230364, 0.00022637219792944147]], "41": [[0.10389882031989202, 0.08890163923141282, 0.05075012932400958, 0.12217401623102775, 0.37659243206682974, 0.20661026391344844, 0.042402345600554246, 0.008314612580425295, 0.00035574073240004985], [0.09146959967217329, 0.1259947873373014, 0.2582427758197679, 0.20903283955684596, 0.17074947199281523, 0.09323955772726226, 0.03670178492377096, 0.01337318093285667, 0.0011960020372062472], [0.9784632628739647, 0.00010579462424067785, 0.0029511043725354235, 0.0113302753932803, 0.0046232964173012385, 0.0020911335668380507, 0.0003162489822012544, 0.00011230977083605946, 6.573998802313867e-06], [0.7246067746093383, 0.10062364471546598, 0.11890860102874279, 0.027987728162810494, 0.01935213990530071, 0.006302571544291319, 0.001593001697639093, 0.0005731249981458516, 5.241333826543419e-05], [0.7185853527169201, 0.005674713559580835, 0.049478817098637946, 0.15640538775815666, 0.040313209341009126, 0.01714004144272148, 0.008467152151502979, 0.0036836339187418903, 0.0002516920127290086], [0.31186708942594205, 0.07345538505798897, 0.15490252871789206, 0.3591947980502216, 0.06378304464612765, 0.03530641720856354, 0.0013019192143841573, 0.00016012255861811586, 2.8695120262207614e-05]], "42": [[0.1278254268063431, 0.10468480644439108, 0.1805963657393188, 0.08686434848561977, 0.18934540260134616, 0.2528445503783525, 0.042780569605972714, 0.014379381924774873, 0.0006791480138809917], [0.039107796523672196, 0.051116545314137216, 0.12932507466957535, 0.45134887006547836, 0.20213547464361367, 0.08967464564926454, 0.03241049676468727, 0.004294064426415757, 0.0005870319431555822], [0.9813578493931923, 0.00010274929082478144, 0.0009968559054752957, 0.004803545932146115, 0.007258306258689849, 0.004537006086778885, 0.0008051811845445856, 0.00011378843169164912, 2.471751665658312e-05], [0.7932403975729235, 0.10477459746503286, 0.04479596783991512, 0.02115368767623826, 0.014233022430801141, 0.018665453262344506, 0.002433697009260449, 0.0006317109356874467, 7.14658077967175e-05], [0.8908557219560337, 0.0027138553844534177, 0.019246270914658862, 0.04571914402913679, 0.02017341052622276, 0.01694965203169034, 0.0033121795825658776, 0.0009731620897759794, 5.6603485462286886e-05], [0.6181739394835493, 0.05188599424062243, 0.09537716550165272, 0.16110827217114404, 0.049746218976442144, 0.021640265802258276, 0.0015964609653557685, 0.0003287585510515991, 0.00014292430792362987]], "43": [[0.23018413414852776, 0.08544565047851589, 0.0692612519015495, 0.12769411350711754, 0.3224517363292427, 0.14499978455500767, 0.016884824502666523, 0.0028499454025113506, 0.00022855917486105473], [0.03655375812231542, 0.03488432638434485, 0.18808832459678357, 0.34263925473659007, 0.2733468750007465, 0.09406672981949223, 0.026915822169007328, 0.003370138399248152, 0.00013477077147204536], [0.9887402425046892, 1.5747877083507175e-05, 0.0011879380367778754, 0.003351070248888559, 0.003562464088867828, 0.0029724351690805766, 0.00015819822975931335, 1.0615207189790616e-05, 1.2886376634763673e-06], [0.7566488801120241, 0.09359937771882698, 0.08260174188673267, 0.03645643423264325, 0.023710004799471735, 0.0056113362650509245, 0.0011787376736406285, 0.00017463290494048353, 1.8854406669086202e-05], [0.09576154841734606, 0.02083205295598704, 0.23823980014832344, 0.39630327323390946, 0.18795155522909165, 0.029580552031135635, 0.024440194448394712, 0.00670046927803644, 0.00019055425777555926], [0.02566178612778462, 0.16190562885476042, 0.170876399314084, 0.494367991302548, 0.11351910339563065, 0.03170578794128023, 0.0017652176852536881, 9.535380200508494e-05, 0.00010273157665346337]], "44": [[0.06951424395330906, 0.03430672288018174, 0.03549375832603268, 0.033784080276555745, 0.48479492696598486, 0.3164022872636333, 0.022922062332028287, 0.0025929554704586795, 0.00018896253181574995], [0.009272607878664033, 0.07527289543949446, 0.43249524165976233, 0.11448897938690351, 0.2677223034462648, 0.06897219502748837, 0.02405261026691033, 0.007349623163948032, 0.0003735437305644047], [0.9923918840662606, 2.786443886909752e-05, 0.0015960986469707903, 0.002164632909809224, 0.001918094560051705, 0.0015695380761149807, 0.0003014598485581113, 2.8703521786617002e-05, 1.7239315789546456e-06], [0.8231905640899692, 0.08523761700399811, 0.03787248047464049, 0.014288021418458773, 0.027497357826609732, 0.010830055550493819, 0.0007799848338134491, 0.00026087873834464327, 4.304006367175013e-05], [0.01849393624743343, 0.01668702258357578, 0.6351900962776441, 0.11899774243238613, 0.06774785653937686, 0.12690858670188712, 0.012008928413428502, 0.003717584618697762, 0.0002482461855702432], [0.011338408494636578, 0.3067128096345128, 0.030170410251884383, 0.3310188710597751, 0.18279519128114474, 0.13624713784130724, 0.0014940689783209569, 0.00017938787733713397, 4.371458108095284e-05]], "46": [[0.05206993042034455, 0.09312202689592768, 0.23254786948304246, 0.08431227149416512, 0.2852781451298693, 0.20789951641086532, 0.03865722801780926, 0.005234428987413193, 0.0008785831605631655], [0.06290223857056859, 0.08405139225615024, 0.1733110061631961, 0.3090123992208542, 0.2248755626054327, 0.10573156094871494, 0.03083378318944655, 0.008385908224819712, 0.0008961488208168815], [0.9806572538563271, 5.9582738773180245e-05, 0.001312350668550995, 0.0066057273225771825, 0.004349664684023868, 0.006144707054143467, 0.000788675442028377, 7.180012189999999e-05, 1.0238111675991567e-05], [0.823254122193776, 0.07331073210774208, 0.053168047575856574, 0.016195155544416206, 0.02267921801723968, 0.010061102432479563, 0.000900025815093857, 0.00030537804152077003, 0.00012621827187526876], [0.4864609423605071, 0.010938421398716544, 0.06831516835303407, 0.28167776772867825, 0.08682338264768527, 0.04061585741774037, 0.020756079944691596, 0.003946559719470146, 0.0004658204294766887], [0.1934019668594406, 0.07548651777953322, 0.14960473425658793, 0.36931515493652833, 0.15509825750472717, 0.053645115479350844, 0.002969966655715547, 0.00031503460679642014, 0.0001632519213200264]], "47": [[0.07008455637116706, 0.04415274656082916, 0.06751169032176942, 0.2370708112095301, 0.2786300572517706, 0.262548795762129, 0.0371459464071462, 0.0024065966201076445, 0.0004487994955508056], [0.015008795884301885, 0.029983009403814084, 0.15711693783145278, 0.49162861260864776, 0.06003140349360969, 0.18168985129543747, 0.056361836468091155, 0.0077573701936764815, 0.0004221828209684177], [0.9703025548573595, 0.00017209820770645284, 0.002395126807209049, 0.011652441613695068, 0.0131814072223479, 0.0018789647437162198, 0.0003170396514899654, 8.930850008261976e-05, 1.1058396393245025e-05], [0.6340313007719907, 0.10673862135732905, 0.06132762433202732, 0.10213696753414306, 0.04650851745233112, 0.04336123583579433, 0.004850719695539306, 0.0007474810529265359, 0.0002975319679184625], [0.9490457573517455, 0.0006948176772100389, 0.006257877127328457, 0.020331013704196068, 0.007137645697720762, 0.012910092063976033, 0.0031061334239433965, 0.000490929130634486, 2.573382324523599e-05], [0.6388773432394348, 0.09358786702260084, 0.11406004221279843, 0.1051487566393751, 0.032139981588142255, 0.01358641548892114, 0.0018452400434085863, 0.0004798859657335976, 0.00027446779958506187]], "50": [[0.34200880931657973, 0.10636013853319028, 0.06313463002888159, 0.06361819725782679, 0.23013441400388682, 0.16133161856119413, 0.024795031154087634, 0.007955515220738922, 0.0006616459236141225], [0.08275381011343617, 0.06388342955468597, 0.19616579767063416, 0.31513694090952726, 0.19039233659713417, 0.07942293038789222, 0.06523467713069336, 0.006563188403729592, 0.0004468892322670303], [0.9850670811441886, 8.722951297682085e-05, 0.001476641673939854, 0.004756014424695326, 0.006107837641313806, 0.0020142529693043523, 0.0004540565038427595, 3.47346569177876e-05, 2.15147282078493e-06], [0.7352838645908729, 0.10425813215719705, 0.09522455158425326, 0.03363308937194165, 0.02191604933238795, 0.007850242543811925, 0.0012464528020820341, 0.0004512504342891929, 0.00013636718316397236], [0.7824200445757561, 0.003180391444894842, 0.05620358120961815, 0.10303644561917985, 0.024484484130155457, 0.01298813716650544, 0.015450348006010615, 0.002188930378682838, 4.7637469196835645e-05], [0.34305320311246507, 0.13902555577278602, 0.24170966592719492, 0.22780224595319853, 0.018766073848794695, 0.02832341938284417, 0.0011883594861826373, 8.395731781012604e-05, 4.7519198723841185e-05]], "54": [[0.10916207847171676, 0.0365141303355547, 0.02042250476329499, 0.11341712538959245, 0.5375294115387105, 0.1621530126292458, 0.01905277871825334, 0.0016375935809109763, 0.00011136457272051438], [0.016819278038055906, 0.022630003940049933, 0.12636046485136065, 0.15260928401578433, 0.15504366829447577, 0.3833095473447663, 0.13894827012274344, 0.004104236837572539, 0.00017524655519097685], [0.9773910208775324, 0.00010117914967221959, 0.0009790753533236098, 0.004662905712374412, 0.007953438295974823, 0.006731730042986189, 0.0021308418627909434, 4.660420500759686e-05, 3.204500337795679e-06], [0.5849677593771779, 0.05908386048942628, 0.02460211234551743, 0.09421958748918466, 0.14353700705919514, 0.07992328769025298, 0.012776898828350805, 0.0006631714009796262, 0.00022631531991518673], [0.6708432453577643, 0.003274656383190725, 0.08542012896257234, 0.08827855375151202, 0.02911953345710328, 0.09546896104923287, 0.026588283996950863, 0.0009807179967217812, 2.5919044951741054e-05], [0.21051102919043368, 0.22171932252758023, 0.14433727553262476, 0.25865154261679807, 0.11938509669032647, 0.042405058295208554, 0.002496149563297221, 0.000331948061425321, 0.00016257752230577262]], "55": [[0.17123427008194464, 0.10946263150047543, 0.06984252315587307, 0.10212500664408557, 0.26168275045305883, 0.2543268068126701, 0.025213651031802894, 0.005508871657022533, 0.0006034886630671007], [0.031554604543116684, 0.07207251181968119, 0.29673365631677023, 0.2900984913388152, 0.14219749570408027, 0.09631917722971343, 0.05178336840170116, 0.017921987633131603, 0.0013187070129901876], [0.9868244813303948, 4.2004167739961284e-05, 0.0014314062604461888, 0.0032088592262742603, 0.004640107794633196, 0.0031872717391698098, 0.0005857517468951408, 7.481418010687632e-05, 5.303554339659183e-06], [0.7372863294432245, 0.11516125661314329, 0.06701196299975841, 0.04739605532297932, 0.022491120814233604, 0.008528346851604156, 0.0012839491598890611, 0.0007326640936646038, 0.0001083147015031647], [0.7825930844423558, 0.012200155356554651, 0.05303107740350713, 0.06764687680182067, 0.03542908692192235, 0.03988525496583735, 0.006910302727310296, 0.002165427557939122, 0.00013873382275266752], [0.22592151708018968, 0.1906924031505749, 0.2613487162124463, 0.22251111148583447, 0.07310751790036339, 0.02295006920090001, 0.0030644553701217143, 0.000283902483648331, 0.00012030711592116978]], "57": [[0.09470014207781664, 0.1156470871764619, 0.0369094165308271, 0.09008671196672727, 0.1520845967509944, 0.3386767535376918, 0.07699757789986787, 0.08706448891714026, 0.007833225142472703], [0.05422256838963169, 0.048663705810353876, 0.17494182698281613, 0.15641329580709976, 0.10920745339683247, 0.23337271682062966, 0.19324292482391323, 0.028363147987694137, 0.0015723599810289859], [0.9762802525146759, 3.6449312650315376e-05, 0.0031923325093795208, 0.004960778698656275, 0.006624337788587989, 0.007178129065025981, 0.0016094677834831133, 0.00011171645490458729, 6.535872636311566e-06], [0.6536698574773897, 0.20364526516970455, 0.07702117697387835, 0.017855488819217388, 0.009324135670274871, 0.01638091324756066, 0.0021075555586182525, 0.012264543043254795, 0.007731064040101441], [0.33602043833263673, 0.014723034282677674, 0.1993748859217316, 0.09554197217296401, 0.09569834190601188, 0.1922842360934179, 0.04939559482317999, 0.01595212377849907, 0.001009372688881116], [0.2554914479214952, 0.18987301588990754, 0.10359173048704093, 0.2916787034073462, 0.05426180403055716, 0.09178290615081307, 0.010193813012774703, 0.0023321993483595453, 0.0007943797517056249]], "60": [[0.1745755505795418, 0.053545836984633555, 0.08036875667442384, 0.14633435286197785, 0.23537841181546298, 0.28034660922527327, 0.025962939256053842, 0.0032833179753178517, 0.00020422462731493307], [0.05208960082766312, 0.05292147956198951, 0.12767864812445837, 0.3540029611591813, 0.0757154192231907, 0.1543275582919163, 0.1525167630512646, 0.029303406069828498, 0.0014441636905077404], [0.9703188635066801, 0.00015365481403283027, 0.0017012265933644215, 0.010244493193753104, 0.006420018948532364, 0.00985592864910984, 0.0011539131079656697, 0.00014353821763495473, 8.362968926735266e-06], [0.6584899609854166, 0.13377060525248125, 0.15977318165634527, 0.02473152074380702, 0.010588366114821163, 0.00932250215053443, 0.0030077678924131713, 0.0002938936565334249, 2.220154764751116e-05], [0.41145833770124457, 0.014224141659904882, 0.07529969567408099, 0.24507295633687096, 0.12011810507107369, 0.09487170388805725, 0.03086888708874715, 0.007641865534538816, 0.0004443070454817267], [0.2414463769519853, 0.07760372542780634, 0.1995597703215324, 0.3451280259181875, 0.07742991186280454, 0.05350777861581061, 0.004743091924359521, 0.0004879318104488021, 9.33871670651861e-05]], "62": [[0.07198490969503059, 0.13048604877944361, 0.05721453453511847, 0.14705980572248403, 0.48710390729610004, 0.07455523933492786, 0.018214035244003387, 0.012206749721733206, 0.0011747696711589045], [0.02943062363260897, 0.044001700851547004, 0.08614908876364875, 0.1233401079651864, 0.3994896700823171, 0.2273405832737696, 0.0868059142643474, 0.0032054703556611526, 0.00023684081091366924], [0.9836180499880651, 8.501403975749986e-05, 0.001737746115351797, 0.004262367266417612, 0.007442645378409235, 0.0025432176873169256, 0.0002998160904700414, 9.069538514897016e-06, 2.0738956968767035e-06], [0.7292062830256599, 0.08395374878121482, 0.04060521590463493, 0.07273312288255813, 0.05560532244810042, 0.014894676874367827, 0.002222917986807722, 0.0005946644343880272, 0.0001840476622681748], [0.8194580085045268, 0.0037805149372435883, 0.09184811139003467, 0.05951421845352754, 0.013729540961956081, 0.007100413254926487, 0.004030570788776749, 0.0004933735453439856, 4.524816366412408e-05], [0.22381976020655342, 0.2141128343020988, 0.2012259142374761, 0.25323695904742577, 0.07711694432211419, 0.028101127646232668, 0.0018645399707099162, 0.0003540169171193075, 0.00016790335026958646]], "64": [[0.5387901198109238, 0.01924138116764153, 0.1588527847470972, 0.035799353699413165, 0.10335054759247767, 0.11028151440471877, 0.02950406577583286, 0.00386222854482628, 0.00031800425706869574], [0.09630792517172204, 0.03253004836189368, 0.15204081537427439, 0.34918245911693446, 0.14196233406740819, 0.10339548056349696, 0.07902350014092784, 0.04363801134712075, 0.0019194258562218076], [0.9873426971293299, 5.260133063575857e-05, 0.00041810122362946004, 0.002103362597843813, 0.005306885968153646, 0.003302383910588217, 0.0012861958997468473, 0.00018084653988688102, 6.925400185458812e-06], [0.8449346783980037, 0.05722142772374963, 0.04594350919316227, 0.018917438283639964, 0.02317049463266602, 0.007457717246452221, 0.0018997591907640944, 0.0004219846591844253, 3.2990672377672095e-05], [0.9253541816353285, 0.0009988371857610752, 0.008289033871487075, 0.032256489710278564, 0.011460553253117166, 0.01611734157326138, 0.004645440355742634, 0.0008304366260754991, 4.768578894808776e-05], [0.404490127911761, 0.07477637692838575, 0.25192119280426545, 0.12237285203081343, 0.08374582284609886, 0.0571108408975067, 0.005167166387422266, 0.0003594478837180639, 5.617231002856193e-05]], "67": [[0.49205614881194903, 0.05742461239185228, 0.08875108543362094, 0.06973566811256662, 0.18726005351978406, 0.08971035094336302, 0.012845629377265019, 0.002021233638082295, 0.00019521777151684848], [0.09639584430966225, 0.06405681797184304, 0.37593794895806487, 0.25547560958711035, 0.09560670227764763, 0.04942367911534433, 0.04508119468098048, 0.016807344607298963, 0.0012148584920480114], [0.9920300641076604, 2.9456515955294867e-05, 0.0013108836266818016, 0.002173589991829698, 0.0026615527282205127, 0.0012828660500363968, 0.00043189746390779986, 7.426222560792451e-05, 5.427290100334353e-06], [0.7484649180281671, 0.13331216632827797, 0.06001325188910968, 0.03590971505710708, 0.016723108070201276, 0.004645475674043371, 0.0007668932703879291, 0.00011797076815094548, 4.6500914554637986e-05], [0.3179690240459321, 0.025538598831024713, 0.17524474138663837, 0.30107629632692495, 0.09676300735088884, 0.06220472724897959, 0.015163241906707418, 0.005617120133541646, 0.0004232427693623098], [0.014289563851774954, 0.19396013590042158, 0.26694646718432674, 0.27616332617936734, 0.16323587927595967, 0.08229717341286998, 0.0027977745277915187, 0.00022667263879564456, 8.300702869250031e-05]], "68": [[0.15182216778070973, 0.1156131708932995, 0.06371870795591363, 0.08747180609664004, 0.19931174569463445, 0.3527495919820812, 0.02755562965986637, 0.0015848372232874894, 0.00017234271356757777], [0.05142970450600528, 0.0814452809789901, 0.5553788526846, 0.20405805703061924, 0.05658446920807661, 0.03574150817686159, 0.01367081251902472, 0.0014182621374876272, 0.0002730527583347729], [0.991991677198326, 7.43655666159123e-05, 0.003251343394222724, 0.0018781333390623764, 0.0021061164605176174, 0.0006239590820726036, 6.640592433785087e-05, 6.017214036939566e-06, 1.9818208078851287e-06], [0.7252898642112888, 0.16525001542170564, 0.061436607659484645, 0.023215697193874982, 0.019002132318528535, 0.005064832397824366, 0.0006315494306507645, 8.413767340196619e-05, 2.51636932401266e-05], [0.8150042613713113, 0.009579719582739494, 0.10101311988939422, 0.0395166743237848, 0.015104239682187758, 0.015013530453612695, 0.004018386667730084, 0.0006860380798859077, 6.402994935363094e-05], [0.2968821875308166, 0.24731586144319415, 0.09929174097810345, 0.26663857739194446, 0.06099458500099833, 0.027452841477902775, 0.0011260824888860725, 0.0001820081306226571, 0.00011611555753155515]], "69": [[0.6545524191432233, 0.0343977081387859, 0.031340268616040445, 0.05131110306995887, 0.14880966506766932, 0.07383691152621433, 0.005170812653795482, 0.0004730640526114731, 0.00010804773170094983], [0.05317848468695153, 0.10340982419959868, 0.396947957371747, 0.24425936723799443, 0.07016679948336217, 0.08618135379010979, 0.03969393842534997, 0.005898861542174924, 0.0002634132627115132], [0.9948727354114733, 7.78970055068195e-05, 0.0011423465924130223, 0.002338123950494412, 0.0011363452451664097, 0.00033974571180325427, 8.047028698601357e-05, 9.36332218101341e-06, 2.9724739757973774e-06], [0.5947233197731943, 0.133273057628626, 0.09714249405711992, 0.11891290800475195, 0.04906905183668898, 0.005666733185419899, 0.0008601454218542555, 0.0002685049992838175, 8.378509306095144e-05], [0.9738162653468634, 0.0018830937917165339, 0.013578208335644899, 0.0038982531066707876, 0.00280719883592418, 0.002442000351420514, 0.0013467023984797873, 0.0002127762988544753, 1.550153442541011e-05], [0.3571395959659495, 0.33444377462213754, 0.11876758756253113, 0.10468496351194895, 0.06578831206539257, 0.01623211927401272, 0.002355173800919571, 0.000419400450900161, 0.00016907274620810958]], "71": [[0.2799572937803961, 0.07341060423638616, 0.08504230451352648, 0.047853831426541364, 0.22897130944579666, 0.2285688804082003, 0.04246455809783347, 0.011964939447504683, 0.0017662786438147828], [0.12844162497367012, 0.07296763794705652, 0.12128481029623166, 0.24123003936133613, 0.14816691806982557, 0.09288147751765337, 0.15009229204775537, 0.04257373546873994, 0.0023614643177313588], [0.9752509108767632, 4.582384459628074e-05, 0.0014515634372738275, 0.012439082482969464, 0.007045319205366446, 0.0025698972204070696, 0.0010770048277207853, 0.0001088438704454504, 1.1554234457417883e-05], [0.7834905724831119, 0.13763929979340933, 0.03341989102800112, 0.017438406437920637, 0.01578210552813183, 0.010898633040487762, 0.0006975885067505565, 0.0004173267324021171, 0.00021617644978474357], [0.03326700225442531, 0.025314062746961186, 0.1495509327909405, 0.4036965576045033, 0.16933073255897335, 0.09460482187058675, 0.0876332982180589, 0.03563103119440417, 0.0009715607611464969], [0.050664578674314203, 0.06751728620820074, 0.23964533416507094, 0.44940915221844474, 0.10144480921912855, 0.08711453249502972, 0.0034470796244398996, 0.0005045220151210225, 0.00025270538025018224]], "72": [[0.19168715058642793, 0.05703196519718277, 0.03539216035911369, 0.052479296622249275, 0.4525486429546204, 0.19174867944451737, 0.017455636071779253, 0.0015424178214884109, 0.00011405094262088241], [0.049504208365089036, 0.04544081369282705, 0.26834597155025974, 0.29645780730094357, 0.2240051019733513, 0.08491668052290198, 0.025763733012134946, 0.005229209075059815, 0.0003364745074324682], [0.9855609697112312, 3.6963999523349814e-05, 0.004294515402971441, 0.00449222624255915, 0.0033340576456746453, 0.001912327392953664, 0.00033779281772986267, 2.9072959632996418e-05, 2.0738277237247797e-06], [0.5645657306686532, 0.22285465026093004, 0.08658004640985435, 0.04220866333803699, 0.06733502447115643, 0.014491815958448248, 0.0016956320574661548, 0.00022855946597807254, 3.987736947657855e-05], [0.5693923646987445, 0.006899091848203278, 0.1805163630842734, 0.15489662051652958, 0.05404004479963543, 0.02252275594786593, 0.010045721872024217, 0.0015535115974624053, 0.00013352563526111943], [0.24001239426030352, 0.12969657534744966, 0.08178990209509224, 0.3618373369507633, 0.13096540258490455, 0.05254799332363767, 0.0029300505456810867, 0.0001746453174727654, 4.5699574695134326e-05]], "74": [[0.03570837474772834, 0.08451908915548458, 0.1827116406739918, 0.0819672748971256, 0.28563233659546533, 0.27529078084509123, 0.04095929233320505, 0.012497281670850959, 0.0007139290810571402], [0.04420159403963712, 0.06433339701722138, 0.256589119234495, 0.3105719136838861, 0.18719838011170822, 0.06933369498084266, 0.04604251241532204, 0.019359420255656002, 0.002369968261231388], [0.984529104096407, 4.8703206658668556e-05, 0.002523936784177044, 0.004684624438341462, 0.004675717449766876, 0.0026986007570202896, 0.0006549022578731327, 0.00017179113646028057, 1.2619873295167479e-05], [0.8321347342908005, 0.0727576298959897, 0.03523640084524225, 0.017047799283732283, 0.02635346431123067, 0.012257874747847947, 0.0024403077666207574, 0.001599107576266472, 0.0001726812822693838], [0.24510218683306295, 0.01906116681213288, 0.27906587473686945, 0.2639724060213363, 0.0866698435042463, 0.06842628177584699, 0.029670494331396718, 0.007520167488691015, 0.0005115784964171933], [0.0221873927391618, 0.1864840872624901, 0.18829135772125566, 0.22710875412455497, 0.1928589624873957, 0.17497328969253384, 0.006884464132002547, 0.0008518507052010613, 0.0003598411354042122]], "75": [[0.2408467237920418, 0.09459738958718276, 0.051612942273042355, 0.06664520605154377, 0.2538360868978874, 0.253803787099377, 0.03325684342279258, 0.004988046730091205, 0.00041297414604101677], [0.13616971022544175, 0.0993513230829419, 0.12140574937816113, 0.349477452538811, 0.11124784460309181, 0.11626690913620849, 0.054769317463446265, 0.010816821319087188, 0.0004948722528105093], [0.976386920649652, 0.00010314026195894856, 0.002336260829881539, 0.011486474538728409, 0.0028586618881651918, 0.0058858953637839165, 0.0008696519676526035, 6.543353481553867e-05, 7.560965361793032e-06], [0.5999273095391102, 0.15199414542620526, 0.1959645519971236, 0.03056532493121077, 0.01690646753086956, 0.0037618155944943374, 0.0005852304266378495, 0.00022185530199158698, 7.329925235673633e-05], [0.026212377539830262, 0.014795783125807658, 0.12218894945750847, 0.48640836318963504, 0.2120454932568048, 0.10389239855918807, 0.030763142438789935, 0.003380360404550614, 0.00031313202788529724], [0.030725597310493215, 0.08807150370689837, 0.24023346474184448, 0.5375357204457354, 0.07025086492776803, 0.024441569511230377, 0.007364953797490669, 0.0011839604279907676, 0.0001923651305486797]], "79": [[0.22175653567565642, 0.1228585228336311, 0.062261736955344295, 0.07427823485617213, 0.30354045475099495, 0.20029856351550884, 0.013507741289612893, 0.0011107380069821744, 0.0003874721160972199], [0.018623121784608915, 0.05105668022423934, 0.2631372235766206, 0.16483602633415173, 0.2562013995000528, 0.18359407845666545, 0.05960927732137084, 0.002849502251018328, 9.269055127199867e-05], [0.9818681690337133, 8.37012582783428e-05, 0.0022770693353020314, 0.005817201976194476, 0.008194095349170148, 0.0014983027095201234, 0.0002466525350142722, 1.3457371880434687e-05, 1.3504309267231825e-06], [0.8466894446315129, 0.04562395891504337, 0.03489831669839516, 0.023832206804471012, 0.04138236475445715, 0.0065795882039994215, 0.0008175255077734288, 0.0001359124760766383, 4.0682008270911186e-05], [0.9496705689090196, 0.0028013065587229567, 0.019586934788473148, 0.010205787147268483, 0.008599045540194776, 0.005189356130473902, 0.0036917729786519263, 0.00024314835874217867, 1.2079588453128328e-05], [0.6409536445713383, 0.10163826650439625, 0.08274364610355199, 0.0612081867811932, 0.0818211461887274, 0.031016599760266626, 0.00042027739980265446, 7.255491553266126e-05, 0.00012567777519086206]], "81": [[0.05760746850959173, 0.19456528997264635, 0.08320950111596745, 0.12454061765775283, 0.25347538276592074, 0.26489170643010307, 0.019697910942202412, 0.001566323621756955, 0.0004457989840586084], [0.04332515964827719, 0.09407034854036492, 0.4298286861565212, 0.19913625463810264, 0.12296443855703426, 0.08192866602529024, 0.0262305842372609, 0.002325471579184254, 0.00019039061796451793], [0.9944208770580454, 7.21563712707462e-05, 0.0009756114822506942, 0.0016595616653178528, 0.002066269513095678, 0.0007173879837475702, 7.771019277602243e-05, 7.061028873728494e-06, 3.364704622310098e-06], [0.7186397902935125, 0.1278656501272805, 0.07271694717305152, 0.04354603074985657, 0.024710065628033174, 0.011630411817553598, 0.0007530777120493382, 0.00010444089195123283, 3.358560671156447e-05], [0.958391327722484, 0.0030512481752396517, 0.020722068073951033, 0.005124507893042254, 0.005323316889014961, 0.005012591062543943, 0.0021142189523232838, 0.00024056931224047005, 2.015191916041024e-05], [0.35826518367791826, 0.21643483110890627, 0.07769547694163852, 0.19738862576188929, 0.111564231699514, 0.03639878132876185, 0.0017726579963398756, 0.00027202128911658885, 0.00020819019591526366]], "88": [[0.35910562083104774, 0.2679135477046721, 0.052555253632523495, 0.08111194496774513, 0.0997806518053537, 0.12362122713450889, 0.014509269185719396, 0.0012706457749698977, 0.00013183896345973398], [0.06253577858633362, 0.1367724265807096, 0.3865240746755791, 0.24563986336334076, 0.10907143920299374, 0.04466873081068898, 0.012370569636424028, 0.002133341524393777, 0.00028377561953636676], [0.9923168928434486, 0.0002697818889000671, 0.0018867880198213244, 0.0021193232032688846, 0.002710618841073399, 0.000494344585594394, 0.0001771963086787749, 2.2044171139229928e-05, 3.0101380752499005e-06], [0.5918384376644641, 0.2740645068643633, 0.06691649307953364, 0.042267883672749376, 0.019672058740632502, 0.004923813461074987, 0.0002391577330789001, 4.648986974132718e-05, 3.115891436188096e-05], [0.9597629849169838, 0.0009800286426848743, 0.017783259949848005, 0.0068436164819291505, 0.0071360041722503915, 0.006189387451209177, 0.0011596778695206692, 0.00012016960539725433, 2.4870910176691378e-05], [0.4584532709116179, 0.2291709398749677, 0.08263281478253881, 0.15861550357324364, 0.05424956213939415, 0.015530407872224976, 0.0011411270548767202, 0.0001552454047839099, 5.1128386352151446e-05]], "90": [[0.053369774574166494, 0.23270335007730275, 0.250347417768492, 0.07199624158409397, 0.16973733490287504, 0.1997597229184916, 0.020249082277462985, 0.0016368760706833255, 0.00020019982643173896], [0.02112791476555953, 0.09145622034439704, 0.39184354658007275, 0.3769285773312668, 0.07056055240453553, 0.027123197972529385, 0.01834996730803691, 0.0023897922047802934, 0.00022023108882164577], [0.9873470850480496, 8.223256913301152e-05, 0.0014864623918687675, 0.003961325906321973, 0.006131040861231485, 0.0009011943281775924, 7.96220751006152e-05, 9.17013302077131e-06, 1.8666870962038025e-06], [0.8124608794328845, 0.0640562795349029, 0.06678774021277827, 0.025720131008868816, 0.01849148185836783, 0.01167018760411298, 0.0006191974591771447, 0.00016992613665308055, 2.4176752254414885e-05], [0.9356905754573573, 0.001632133362564558, 0.015647144584388335, 0.02877196563844824, 0.009190087379079212, 0.006489327503153946, 0.002377374025499716, 0.00018270433857377544, 1.8687710934938102e-05], [0.6250255410225568, 0.10316775301912569, 0.11747837042244584, 0.08714620780697183, 0.037968029795560077, 0.028295735770648815, 0.0007154255042204369, 0.00011462777461823098, 8.830888385237744e-05]], "91": [[0.08673025556565396, 0.06639463412605175, 0.03642149751374248, 0.11533038659279243, 0.47467521048305866, 0.17912496550256388, 0.03519959318537902, 0.0056476768591418505, 0.0004757801716158117], [0.09167287001376216, 0.116639571393135, 0.17784209316696958, 0.23454272855410793, 0.20407438294919675, 0.06470233498169985, 0.08741318460869603, 0.02241303772849456, 0.000699796603938048], [0.9824597934061056, 8.814900058128185e-05, 0.003707135885759267, 0.0049239095692053154, 0.006052436584115842, 0.0021512375685235423, 0.0005204310087703422, 9.329600785315516e-05, 3.610969085702617e-06], [0.7035536611956484, 0.1460494786008441, 0.046375191580843404, 0.03383616473705599, 0.05469835689680035, 0.013832989400796872, 0.001305412741350511, 0.0002668781040221811, 8.186674263823336e-05], [0.05440346062254653, 0.030502801469650394, 0.5557563099019112, 0.16348139312031845, 0.09515288570268648, 0.07243764769417187, 0.02117086354950676, 0.006905455430861865, 0.00018918250834649536], [0.09189490308427332, 0.30402601416131386, 0.07664569328241665, 0.3728576682684778, 0.11051864602286324, 0.0424487534304301, 0.0013173185681167926, 0.00019488486784807637, 9.611831426010206e-05]], "93": [[0.061323695405786624, 0.07671727312455082, 0.4010166308038529, 0.048678571378394375, 0.15802081576719806, 0.23174439861709165, 0.01735711496375105, 0.004073226372155451, 0.0010682735672190987], [0.026378585736821947, 0.03233686275541053, 0.1294359108986885, 0.3978335803039733, 0.10321197216647443, 0.24755795954101106, 0.0560261315343359, 0.006974956199501965, 0.00024404086378228707], [0.9883443532765336, 6.094745911067583e-06, 0.0003534434940497492, 0.002842472334113624, 0.0052019972366402645, 0.0027054258967584514, 0.0005137142182323634, 2.9152095511655176e-05, 3.3467022492196336e-06], [0.6742787819747194, 0.06920886535263061, 0.16295581184216223, 0.03064158739987971, 0.03873015991305585, 0.020461687786026486, 0.0026178456354908545, 0.0009285332631328604, 0.00017672683290209006], [0.750882994857875, 0.005921006714461374, 0.026456466239193874, 0.11215502446872436, 0.03860146794324448, 0.030912500285740913, 0.03271289382807184, 0.00226070550993368, 9.694015275442145e-05], [0.061997089964978006, 0.053594024880664635, 0.1725796954782838, 0.20914043021677742, 0.27133441418885534, 0.16698692494388928, 0.045666445474535744, 0.013773743872958667, 0.004927230979057189]], "101": [[0.290237099294427, 0.11176158784939257, 0.1680563012020742, 0.08592212796321629, 0.15322078251227425, 0.15299663395133292, 0.029610529896767372, 0.0047471464131078715, 0.003447790917407555], [0.054597091325144634, 0.049475717457618335, 0.2789777189394541, 0.38113824119356343, 0.08216301269046743, 0.06481955037021053, 0.07300981131821435, 0.015135742897845503, 0.0006831138074816754], [0.9891292059559126, 6.317003726022941e-05, 0.002380564128934658, 0.0038794722688837045, 0.0028132055101499766, 0.0011715499568491438, 0.0005404737939500051, 2.0213000356795486e-05, 2.14534770294592e-06], [0.8053678682639649, 0.07982341414391893, 0.04885306530747698, 0.03088963927787293, 0.022402359443176055, 0.010793730326487224, 0.0014852008556239325, 0.0003119881278365013, 7.273425364249749e-05], [0.6657947238118544, 0.00861169916814392, 0.09149533527646922, 0.17196193362318368, 0.026393372452028722, 0.01817134936338319, 0.015550340279080392, 0.0019166042732322878, 0.0001046417526242062], [0.302469720018034, 0.08202671441387213, 0.10224119722599363, 0.41887650826398337, 0.058006650342024506, 0.022436622978482392, 0.0070230145261020015, 0.0030731823223509743, 0.003846389909156954]], "102": [[0.11034655173034871, 0.05068223547919004, 0.026193646916431685, 0.04193946276343946, 0.1584501705916421, 0.500540755954628, 0.0872262016963593, 0.022423206645394163, 0.0021977682225665], [0.030967055050691725, 0.032566527582728357, 0.06462486467774856, 0.12790884289557408, 0.26463753490550934, 0.31221265645471935, 0.15989719002764952, 0.006920686508210045, 0.00026464189716909745], [0.9797557846503961, 0.00011233351665694545, 0.002873313166675908, 0.006490191675871676, 0.004842990683310402, 0.004475460091328682, 0.0012728550574875165, 0.00016433883928733582, 1.2732318985363805e-05], [0.6924551655930177, 0.17051734171773883, 0.07449038878783976, 0.02978063241873683, 0.011737653819717772, 0.017490602832896107, 0.0015941565187625223, 0.0011396245745559448, 0.0007944337367345886], [0.2726939687827343, 0.018506513629721277, 0.08617451185540721, 0.19783092441894512, 0.19609484678560407, 0.1797990347131097, 0.04714362990573128, 0.0016441044730660997, 0.00011246543568109096], [0.0503261550250693, 0.22662983395850786, 0.32966198797423696, 0.25914260578491943, 0.04675237921627121, 0.036422097950755426, 0.03281455566763845, 0.01499246685369961, 0.0032579175689016623]], "103": [[0.059268024174788055, 0.13946786655784787, 0.09724702165049072, 0.21226116539858253, 0.26153096388749403, 0.1939329608748617, 0.032167982986119975, 0.0038719586726625043, 0.0002520557971526267], [0.02611715184048611, 0.11837901915354267, 0.38901876080581355, 0.09191769761721406, 0.07361273407712973, 0.1481010651076414, 0.14961298725878033, 0.0030251065636779104, 0.00021547757571428202], [0.996334061543357, 4.516541931469615e-05, 0.0005005756525811364, 0.0006945345607023654, 0.0011928886213224612, 0.0009033531390877037, 0.00032282439199120586, 5.371980979680158e-06, 1.2246906638383602e-06], [0.6886107536059963, 0.09977524055573118, 0.08188256539774773, 0.10167877417166947, 0.022490963504231673, 0.004398626845084238, 0.0010191676572258587, 0.00011016291431886196, 3.374534799466326e-05], [0.8443616252744938, 0.015931976858996787, 0.08938664020076681, 0.02094583135374666, 0.00973106759338012, 0.0072376741250825445, 0.010832498746632495, 0.0015139800740157094, 5.870577288515314e-05], [0.2198232329725957, 0.29405132924653793, 0.08049320409122497, 0.2007181201463834, 0.14980120615693673, 0.04956479847562806, 0.005164345832682442, 0.00021321248486546264, 0.00017055059314500005]], "104": [[0.34950126806590304, 0.10005528397639293, 0.0802653494759472, 0.08663968172768124, 0.28080488007593546, 0.09667141088692117, 0.005244939173484708, 0.0007207055313267548, 9.648108640749932e-05], [0.030763463169701192, 0.4635311119903581, 0.23186589379964614, 0.16556465726802622, 0.07260362102639012, 0.020796888570590623, 0.012450073842221273, 0.002247561158789933, 0.00017672917427641698], [0.9931630109460959, 0.00030460088580797946, 0.0010744358941818131, 0.0022742083525618384, 0.0021945854030088535, 0.0008656985831697999, 0.00011401415341317491, 8.045850005263898e-06, 1.3999317552965238e-06], [0.6539710940131623, 0.1683862043040325, 0.075114